Individual Variation [0.336, 0.222, 0.188, 0.152, 0.065, 0.036, 0.001, 0.0, 0.0]
Cumulative Variation [0.336, 0.558, 0.746, 0.898, 0.963, 0.999, 1.0, 1.0, 1.0]
Components Details [[-0.561, 0.142, -0.346, 0.736, 0.002, 0.004, -0.029, 0.001, 0.05], [-0.114, -0.768, 0.074, 0.095, 0.616, 0.018, 0.048, 0.001, 0.031], [-0.399, 0.467, -0.169, -0.477, 0.604, -0.007, -0.027, -0.002, 0.01], [-0.544, 0.011, 0.816, -0.036, -0.173, 0.001, -0.085, -0.002, 0.011], [-0.269, -0.147, -0.156, -0.23, -0.255, 0.001, 0.85, 0.001, 0.204], [-0.05, -0.109, -0.114, -0.146, -0.126, -0.006, -0.35, -0.002, 0.902], [-0.142, -0.127, -0.147, -0.154, -0.152, 0.92, -0.148, 0.089, -0.139], [-0.106, -0.104, -0.103, -0.106, -0.103, -0.206, -0.106, 0.939, -0.104], [0.333, 0.333, 0.333, 0.333, 0.333, 0.333, 0.333, 0.333, 0.333]]
